  -2.2851946e+01  -2.2642824e+01  -2.0912160e-01   4.9895651e+01   5.1171785e+01  -1.2761343e+00   5.0727249e+00   2.7934228e+02   2.8092619e+02  -1.5839067e+00   7.0044872e-02   6.8668397e+02   4.7109205e+02             NaN             NaN   2.6201096e+01   1.8087468e+00   2.9207846e-01   2.9110384e-01   2.8914386e-01   2.8728118e-01   2.8518956e-01   2.8431483e-01   2.8471285e-01   2.8559695e-01   2.8920030e-01   2.9152905e-01   2.9167382e-01   2.8828102e-01   2.8070348e-01   1.0721125e+00   2.5508250e+01
  -2.2824937e+01  -2.2642824e+01  -1.8211277e-01   5.0158330e+01   5.1171785e+01  -1.0134550e+00   5.0727249e+00   2.7830581e+02   2.8092619e+02  -2.6203803e+00   7.0044872e-02   6.8668397e+02   4.7104993e+02             NaN             NaN   2.6201096e+01   1.8087468e+00   2.9202796e-01   2.9103541e-01   2.8907239e-01   2.8721351e-01   2.8512712e-01   2.8426744e-01   2.8468459e-01   2.8561045e-01   2.8925092e-01   2.9158341e-01   2.9172521e-01   2.8831899e-01   2.8070836e-01   1.0721125e+00   2.5508250e+01
  -2.2805931e+01  -2.2642824e+01  -1.6310649e-01   5.0383689e+01   5.1171785e+01  -7.8809637e-01   5.0727249e+00   2.7734773e+02   2.8092619e+02  -3.5784614e+00   7.0044872e-02   6.8668397e+02   4.7101285e+02             NaN             NaN   2.6201096e+01   1.8087468e+00   2.9198416e-01   2.9097430e-01   2.8900807e-01   2.8715253e-01   2.8507083e-01   2.8422465e-01   2.8465907e-01   2.8562344e-01   2.8929748e-01   2.9163327e-01   2.9177241e-01   2.8835404e-01   2.8071289e-01   1.0721125e+00   2.5508250e+01
  -2.2782196e+01  -2.2642824e+01  -1.3937204e-01   5.0568978e+01   5.1171785e+01  -6.0280728e-01   5.0727249e+00   2.7648611e+02   2.8092619e+02  -4.4400780e+00   7.0044872e-02   6.8668397e+02   4.7098897e+02             NaN             NaN   2.6201096e+01   1.8087468e+00   2.9194147e-01   2.9091620e-01   2.8894751e-01   2.8709529e-01   2.8501809e-01   2.8418528e-01   2.8463658e-01   2.8563716e-01   2.8934253e-01   2.9168195e-01   2.9181906e-01   2.8838937e-01   2.8071754e-01   1.0721125e+00   2.5508250e+01
  -2.2764436e+01  -2.2642824e+01  -1.2161147e-01   5.0740614e+01   5.1171785e+01  -4.3117089e-01   5.0727249e+00   2.7566364e+02   2.8092619e+02  -5.2625482e+00   7.0044872e-02   6.8668397e+02   4.7096373e+02             NaN             NaN   2.6201096e+01   1.8087468e+00   2.9190133e-01   2.9086222e-01   2.8889177e-01   2.8704300e-01   2.8497029e-01   2.8414996e-01   2.8461726e-01   2.8565253e-01   2.8938682e-01   2.9172923e-01   2.9186413e-01   2.8842320e-01   2.8072195e-01   1.0721125e+00   2.5508250e+01
  -2.2747935e+01  -2.2642824e+01  -1.0511107e-01   5.0908737e+01   5.1171785e+01  -2.6304789e-01   5.0727249e+00   2.7486822e+02   2.8092619e+02  -6.0579688e+00   7.0044872e-02   6.8668397e+02   4.7093584e+02             NaN             NaN   2.6201096e+01   1.8087468e+00   2.9186285e-01   2.9081052e-01   2.8883839e-01   2.8699302e-01   2.8492485e-01   2.8411710e-01   2.8460000e-01   2.8566769e-01   2.8942768e-01   2.9177245e-01   2.9190524e-01   2.8845409e-01   2.8072599e-01   1.0721125e+00   2.5508250e+01
  -2.2733919e+01  -2.2642824e+01  -9.1094505e-02   5.1028001e+01   5.1171785e+01  -1.4378390e-01   5.0727249e+00   2.7416176e+02   2.8092619e+02  -6.7644264e+00   7.0044872e-02   6.8668397e+02   4.7091609e+02             NaN             NaN   2.6201096e+01   1.8087468e+00   2.9183074e-01   2.9076587e-01   2.8879247e-01   2.8695055e-01   2.8488684e-01   2.8409030e-01   2.8458748e-01   2.8568553e-01   2.8946883e-01   2.9181515e-01   2.9194552e-01   2.8848426e-01   2.8072994e-01   1.0721125e+00   2.5508250e+01
  -2.2717474e+01  -2.2642824e+01  -7.4650259e-02   5.1184521e+01   5.1171785e+01   1.2736375e-02   5.0727249e+00   2.7342751e+02   2.8092619e+02  -7.4986787e+00   7.0044872e-02   6.8668397e+02   4.7088943e+02             NaN             NaN   2.6201096e+01   1.8087468e+00   2.9179952e-01   2.9072325e-01   2.8874865e-01   2.8690990e-01   2.8485028e-01   2.8406406e-01   2.8457452e-01   2.8570129e-01   2.8950667e-01   2.9185480e-01   2.9198319e-01   2.8851271e-01   2.8073367e-01   1.0721125e+00   2.5508250e+01
  -2.2700460e+01  -2.2642824e+01  -5.7636363e-02   5.1302978e+01   5.1171785e+01   1.3119275e-01   5.0727249e+00   2.7275163e+02   2.8092619e+02  -8.1745601e+00   7.0044872e-02   6.8668397e+02   4.7086164e+02             NaN             NaN   2.6201096e+01   1.8087468e+00   2.9176895e-01   2.9068147e-01   2.8870591e-01   2.8687047e-01   2.8481524e-01   2.8404024e-01   2.8456446e-01   2.8571902e-01   2.8954446e-01   2.9189377e-01   2.9202004e-01   2.8854046e-01   2.8073733e-01   1.0721125e+00   2.5508250e+01
  -2.2686392e+01  -2.2642824e+01  -4.3568312e-02   5.1425831e+01   5.1171785e+01   2.5404564e-01   5.0727249e+00   2.7209772e+02   2.8092619e+02  -8.8284700e+00   7.0044872e-02   6.8668397e+02   4.7084261e+02             NaN             NaN   2.6201096e+01   1.8087468e+00   2.9174265e-01   2.9064498e-01   2.8866876e-01   2.8683659e-01   2.8478541e-01   2.8401949e-01   2.8455562e-01   2.8573608e-01   2.8958039e-01   2.9193096e-01   2.9205533e-01   2.8856722e-01   2.8074087e-01   1.0721125e+00   2.5508250e+01
  -2.2679909e+01  -2.2642824e+01  -3.7085010e-02   5.1485345e+01   5.1171785e+01   3.1355982e-01   5.0727249e+00   2.7152790e+02   2.8092619e+02  -9.3982877e+00   7.0044872e-02   6.8668397e+02   4.7081651e+02             NaN             NaN   2.6201096e+01   1.8087468e+00   2.9171743e-01   2.9060951e-01   2.8863243e-01   2.8680332e-01   2.8475612e-01   2.8399970e-01   2.8454786e-01   2.8575343e-01   2.8961530e-01   2.9196668e-01   2.9208904e-01   2.8859273e-01   2.8074424e-01   1.0721125e+00   2.5508250e+01
  -2.2667622e+01  -2.2642824e+01  -2.4798279e-02   5.1623313e+01   5.1171785e+01   4.5152786e-01   5.0727249e+00   2.7089000e+02   2.8092619e+02  -1.0036187e+01   7.0044872e-02   6.8668397e+02   4.7080021e+02             NaN             NaN   2.6201096e+01   1.8087468e+00   2.9169319e-01   2.9057627e-01   2.8859904e-01   2.8677326e-01   2.8473025e-01   2.8398321e-01   2.8454322e-01   2.8577296e-01   2.8965130e-01   2.9200350e-01   2.9212395e-01   2.8861924e-01   2.8074777e-01   1.0721125e+00   2.5508250e+01
  -2.2645378e+01  -2.2642824e+01  -2.5544115e-03   5.1764131e+01   5.1171785e+01   5.9234581e-01   5.0727249e+00   2.7025333e+02   2.8092619e+02  -1.0672854e+01   7.0044872e-02   6.8668397e+02   4.7077772e+02             NaN             NaN   2.6201096e+01   1.8087468e+00   2.9166853e-01   2.9054295e-01   2.8856549e-01   2.8674286e-01   2.8470380e-01   2.8396583e-01   2.8453735e-01   2.8579044e-01   2.8968448e-01   2.9203747e-01   2.9215616e-01   2.8864374e-01   2.8075103e-01   1.0721125e+00   2.5508250e+01
  -2.2638322e+01  -2.2642824e+01   4.5020682e-03   5.1837581e+01   5.1171785e+01   6.6579581e-01   5.0727249e+00   2.6973706e+02   2.8092619e+02  -1.1189132e+01   7.0044872e-02   6.8668397e+02   4.7074372e+02             NaN             NaN   2.6201096e+01   1.8087468e+00   2.9164430e-01   2.9051050e-01   2.8853294e-01   2.8671340e-01   2.8467818e-01   2.8394893e-01   2.8453159e-01   2.8580719e-01   2.8971614e-01   2.9206978e-01   2.9218676e-01   2.8866706e-01   2.8075414e-01   1.0721125e+00   2.5508250e+01
  -2.2626112e+01  -2.2642824e+01   1.6712184e-02   5.1932292e+01   5.1171785e+01   7.6050738e-01   5.0727249e+00   2.6919331e+02   2.8092619e+02  -1.1732874e+01   7.0044872e-02   6.8668397e+02   4.7071948e+02             NaN             NaN   2.6201096e+01   1.8087468e+00   2.9162115e-01   2.9047862e-01   2.8850080e-01   2.8668440e-01   2.8465303e-01   2.8393263e-01   2.8452741e-01   2.8582666e-01   2.8974990e-01   2.9210366e-01   2.9221862e-01   2.8869118e-01   2.8075737e-01   1.0721125e+00   2.5508250e+01
  -2.2620871e+01  -2.2642824e+01   2.1953283e-02   5.1967863e+01   5.1171785e+01   7.9607783e-01   5.0727249e+00   2.6871980e+02   2.8092619e+02  -1.2206392e+01   7.0044872e-02   6.8668397e+02   4.7069841e+02             NaN             NaN   2.6201096e+01   1.8087468e+00   2.9159929e-01   2.9044920e-01   2.8847146e-01   2.8665800e-01   2.8463022e-01   2.8391792e-01   2.8452317e-01   2.8584359e-01   2.8978056e-01   2.9213497e-01   2.9224837e-01   2.8871399e-01   2.8076043e-01   1.0721125e+00   2.5508250e+01
  -2.2609855e+01  -2.2642824e+01   3.2968942e-02   5.2048266e+01   5.1171785e+01   8.7648083e-01   5.0727249e+00   2.6821038e+02   2.8092619e+02  -1.2715804e+01   7.0044872e-02   6.8668397e+02   4.7068347e+02             NaN             NaN   2.6201096e+01   1.8087468e+00   2.9157875e-01   2.9042154e-01   2.8844401e-01   2.8663359e-01   2.8460956e-01   2.8390550e-01   2.8452108e-01   2.8586166e-01   2.8981108e-01   2.9216583e-01   2.9227762e-01   2.8873640e-01   2.8076344e-01   1.0721125e+00   2.5508250e+01
  -2.2594902e+01  -2.2642824e+01   4.7922322e-02   5.2124667e+01   5.1171785e+01   9.5288186e-01   5.0727249e+00   2.6771159e+02   2.8092619e+02  -1.3214601e+01   7.0044872e-02   6.8668397e+02   4.7066600e+02             NaN             NaN   2.6201096e+01   1.8087468e+00   2.9155883e-01   2.9039487e-01   2.8841778e-01   2.8661053e-01   2.8459045e-01   2.8389447e-01   2.8452003e-01   2.8587991e-01   2.8984083e-01   2.9219576e-01   2.9230596e-01   2.8875811e-01   2.8076637e-01   1.0721125e+00   2.5508250e+01
  -2.2579992e+01  -2.2642824e+01   6.2832026e-02   5.2226835e+01   5.1171785e+01   1.0550501e+00   5.0727249e+00   2.6720266e+02   2.8092619e+02  -1.3723527e+01   7.0044872e-02   6.8668397e+02   4.7064312e+02             NaN             NaN   2.6201096e+01   1.8087468e+00   2.9154261e-01   2.9037191e-01   2.8839521e-01   2.8659099e-01   2.8457448e-01   2.8388566e-01   2.8452059e-01   2.8589952e-01   2.8987214e-01   2.9222728e-01   2.9233583e-01   2.8878095e-01   2.8076945e-01   1.0721125e+00   2.5508250e+01
  -2.2530491e+01  -2.2642824e+01   1.1233294e-01   5.2622713e+01   5.1171785e+01   1.4509285e+00   5.0727249e+00   2.6466145e+02   2.8092619e+02  -1.6264733e+01   7.0044872e-02   6.8668397e+02   4.7050295e+02             NaN             NaN   2.6201096e+01   1.8087468e+00   2.9144161e-01   2.9023570e-01   2.8826189e-01   2.8647469e-01   2.8447880e-01   2.8383182e-01   2.8452040e-01   2.8600273e-01   2.9003349e-01   2.9238837e-01   2.9248813e-01   2.8889823e-01   2.8078539e-01   1.0721125e+00   2.5508250e+01
  -2.2500553e+01  -2.2642824e+01   1.4227157e-01   5.2753189e+01   5.1171785e+01   1.5814043e+00   5.0727249e+00   2.6290366e+02   2.8092619e+02  -1.8022531e+01   7.0044872e-02   6.8668397e+02   4.7043282e+02             NaN             NaN   2.6201096e+01   1.8087468e+00   2.9137469e-01   2.9014565e-01   2.8817611e-01   2.8640266e-01   2.8442290e-01   2.8380578e-01   2.8453177e-01   2.8608486e-01   2.9015283e-01   2.9250696e-01   2.9260061e-01   2.8898566e-01   2.8079739e-01   1.0721125e+00   2.5508250e+01
  -2.2460707e+01  -2.2642824e+01   1.8211665e-01   5.2879096e+01   5.1171785e+01   1.7073112e+00   5.0727249e+00   2.6130335e+02   2.8092619e+02  -1.9622841e+01   7.0044872e-02   6.8668397e+02   4.7036630e+02             NaN             NaN   2.6201096e+01   1.8087468e+00   2.9131169e-01   2.9006092e-01   2.8809473e-01   2.8633361e-01   2.8436875e-01   2.8378058e-01   2.8454297e-01   2.8616119e-01   2.9026096e-01   2.9261405e-01   2.9270229e-01   2.8906517e-01   2.8080841e-01   1.0721125e+00   2.5508250e+01
  -2.2430916e+01  -2.2642824e+01   2.1190792e-01   5.3004348e+01   5.1171785e+01   1.8325631e+00   5.0727249e+00   2.5982998e+02   2.8092619e+02  -2.1096205e+01   7.0044872e-02   6.8668397e+02   4.7030801e+02             NaN             NaN   2.6201096e+01   1.8087468e+00   2.9125048e-01   2.8998192e-01   2.8802034e-01   2.8627143e-01   2.8432065e-01   2.8375881e-01   2.8455576e-01   2.8623428e-01   2.9036087e-01   2.9271193e-01   2.9279484e-01   2.8913756e-01   2.8081851e-01   1.0721125e+00   2.5508250e+01
  -2.2412763e+01  -2.2642824e+01   2.3006136e-01   5.3057127e+01   5.1171785e+01   1.8853418e+00   5.0727249e+00   2.5854002e+02   2.8092619e+02  -2.2386169e+01   7.0044872e-02   6.8668397e+02   4.7023460e+02             NaN             NaN   2.6201096e+01   1.8087468e+00   2.9120155e-01   2.8991806e-01   2.8796149e-01   2.8622431e-01   2.8428723e-01   2.8374928e-01   2.8457632e-01   2.8630640e-01   2.9045491e-01   2.9280390e-01   2.9288208e-01   2.8920649e-01   2.8082826e-01   1.0721125e+00   2.5508250e+01
   1.4573484e+00  -2.2642824e+01   2.4100172e+01   1.7697454e+02   5.1171785e+01   1.2580275e+02   5.0727249e+00   1.5680137e+02   2.8092619e+02  -1.2412482e+02   7.0044872e-02   6.8668397e+02   4.6405667e+02             NaN             NaN   2.6201096e+01   1.8087468e+00   3.0601855e-01   3.0619242e-01   3.0585113e-01   3.0554589e-01   3.0534309e-01   3.0545413e-01   3.0564975e-01   3.0554546e-01   3.0597355e-01   3.0648726e-01   3.0597448e-01   3.0113871e-01   2.8371178e-01   1.0721125e+00   2.5508250e+01
  -4.4637060e+00  -2.2642824e+01   1.8179118e+01   1.0003948e+02   5.1171785e+01   4.8867698e+01   5.0727249e+00   2.3153860e+02   2.8092619e+02  -4.9387586e+01   7.0044872e-02   6.8668397e+02   4.6835480e+02             NaN             NaN   2.6201096e+01   1.8087468e+00   2.9605217e-01   2.9542601e-01   2.9405186e-01   2.9282099e-01   2.9154408e-01   2.9111270e-01   2.9148672e-01   2.9206695e-01   2.9468415e-01   2.9653351e-01   2.9645359e-01   2.9226632e-01   2.8134225e-01   1.0721125e+00   2.5508250e+01
  -9.8681295e+00  -2.2642824e+01   1.2774695e+01   6.9435612e+01   5.1171785e+01   1.8263827e+01   5.0727249e+00   2.5966688e+02   2.8092619e+02  -2.1259308e+01   7.0044872e-02   6.8668397e+02   4.6990412e+02             NaN             NaN   2.6201096e+01   1.8087468e+00   2.9259892e-01   2.9163967e-01   2.8983484e-01   2.8817950e-01   2.8636131e-01   2.8569733e-01   2.8617976e-01   2.8719314e-01   2.9075693e-01   2.9303368e-01   2.9314073e-01   2.8948677e-01   2.8087539e-01   1.0721125e+00   2.5508250e+01
  -1.4431262e+01  -2.2642824e+01   8.2115623e+00   5.7302797e+01   5.1171785e+01   6.1310118e+00   5.0727249e+00   2.6987171e+02   2.8092619e+02  -1.1054480e+01   7.0044872e-02   6.8668397e+02   4.7048265e+02             NaN             NaN   2.6201096e+01   1.8087468e+00   2.9145761e-01   2.9037408e-01   2.8841038e-01   2.8659301e-01   2.8456166e-01   2.8380500e-01   2.8433228e-01   2.8552315e-01   2.8941277e-01   2.9182061e-01   2.9199467e-01   2.8857444e-01   2.8074414e-01   1.0721125e+00   2.5508250e+01
  -1.8275133e+01  -2.2642824e+01   4.3676912e+00   5.2460766e+01   5.1171785e+01   1.2889815e+00   5.0727249e+00   2.7307026e+02   2.8092619e+02  -7.8559304e+00   7.0044872e-02   6.8668397e+02   4.7073138e+02             NaN             NaN   2.6201096e+01   1.8087468e+00   2.9128786e-01   2.9017038e-01   2.8816519e-01   2.8630447e-01   2.8421549e-01   2.8343292e-01   2.8397303e-01   2.8520225e-01   2.8915216e-01   2.9157204e-01   2.9174707e-01   2.8836477e-01   2.8071485e-01   1.0721125e+00   2.5508250e+01
  -2.1532634e+01  -2.2642824e+01   1.1101905e+00   5.1261229e+01   5.1171785e+01   8.9444355e-02   5.0727249e+00   2.7277623e+02   2.8092619e+02  -8.1499538e+00   7.0044872e-02   6.8668397e+02   4.7083228e+02             NaN             NaN   2.6201096e+01   1.8087468e+00   2.9156420e-01   2.9045572e-01   2.8846471e-01   2.8661776e-01   2.8454698e-01   2.8377205e-01   2.8431028e-01   2.8551122e-01   2.8939904e-01   2.9177549e-01   2.9191801e-01   2.8847194e-01   2.8072838e-01   1.0721125e+00   2.5508250e+01
  -2.2686392e+01  -2.2642824e+01  -4.3568312e-02   5.1425831e+01   5.1171785e+01   2.5404564e-01   5.0727249e+00   2.7209772e+02   2.8092619e+02  -8.8284700e+00   7.0044872e-02   6.8668397e+02   4.7084261e+02             NaN             NaN   2.6201096e+01   1.8087468e+00   2.9174265e-01   2.9064498e-01   2.8866876e-01   2.8683659e-01   2.8478541e-01   2.8401949e-01   2.8455562e-01   2.8573608e-01   2.8958039e-01   2.9193096e-01   2.9205533e-01   2.8856722e-01   2.8074087e-01   1.0721125e+00   2.5508250e+01
  -2.4294241e+01  -2.2642824e+01  -1.6514170e+00   5.2109298e+01   5.1171785e+01   9.3751327e-01   5.0727249e+00   2.7074545e+02   2.8092619e+02  -1.0180738e+01   7.0044872e-02   6.8668397e+02   4.7081960e+02             NaN             NaN   2.6201096e+01   1.8087468e+00   2.9206048e-01   2.9098322e-01   2.8903481e-01   2.8723074e-01   2.8521682e-01   2.8446836e-01   2.8500008e-01   2.8614420e-01   2.8991160e-01   2.9221756e-01   2.9231119e-01   2.8874901e-01   2.8076502e-01   1.0721125e+00   2.5508250e+01
  -2.6640875e+01  -2.2642824e+01  -3.9980513e+00   5.4181610e+01   5.1171785e+01   3.0098246e+00   5.0727249e+00   2.6768192e+02   2.8092619e+02  -1.3244264e+01   7.0044872e-02   6.8668397e+02   4.7074538e+02             NaN             NaN   2.6201096e+01   1.8087468e+00   2.9267460e-01   2.9163931e-01   2.8974747e-01   2.8800074e-01   2.8606252e-01   2.8534875e-01   2.8586943e-01   2.8694263e-01   2.9056105e-01   2.9278286e-01   2.9282011e-01   2.8911876e-01   2.8081514e-01   1.0721125e+00   2.5508250e+01
  -2.8657580e+01  -2.2642824e+01  -6.0147556e+00   5.6871013e+01   5.1171785e+01   5.6992275e+00   5.0727249e+00   2.6415352e+02   2.8092619e+02  -1.6772668e+01   7.0044872e-02   6.8668397e+02   4.7063705e+02             NaN             NaN   2.6201096e+01   1.8087468e+00   2.9334047e-01   2.9235133e-01   2.9052182e-01   2.8883867e-01   2.8698404e-01   2.8630875e-01   2.8681696e-01   2.8781699e-01   2.9127533e-01   2.9340676e-01   2.9338515e-01   2.8953816e-01   2.8087355e-01   1.0721125e+00   2.5508250e+01
  -3.0402696e+01  -2.2642824e+01  -7.7598719e+00   5.9896451e+01   5.1171785e+01   8.7246660e+00   5.0727249e+00   2.6040445e+02   2.8092619e+02  -2.0521738e+01   7.0044872e-02   6.8668397e+02   4.7051506e+02             NaN             NaN   2.6201096e+01   1.8087468e+00   2.9402918e-01   2.9308926e-01   2.9132494e-01   2.8970779e-01   2.8793916e-01   2.8730212e-01   2.8779326e-01   2.8871643e-01   2.9201157e-01   2.9405213e-01   2.9397298e-01   2.8998362e-01   2.8093755e-01   1.0721125e+00   2.5508250e+01
  -3.1932827e+01  -2.2642824e+01  -9.2900030e+00   6.3133212e+01   5.1171785e+01   1.1961427e+01   5.0727249e+00   2.5662531e+02   2.8092619e+02  -2.4300880e+01   7.0044872e-02   6.8668397e+02   4.7035782e+02             NaN             NaN   2.6201096e+01   1.8087468e+00   2.9469885e-01   2.9380787e-01   2.9210835e-01   2.9055693e-01   2.8887347e-01   2.8827634e-01   2.8875333e-01   2.8960774e-01   2.9274575e-01   2.9469799e-01   2.9456410e-01   2.9043974e-01   2.8100513e-01   1.0721125e+00   2.5508250e+01
  -3.3278775e+01  -2.2642824e+01  -1.0635951e+01   6.6383502e+01   5.1171785e+01   1.5211717e+01   5.0727249e+00   2.5280256e+02   2.8092619e+02  -2.8123630e+01   7.0044872e-02   6.8668397e+02   4.7022318e+02             NaN             NaN   2.6201096e+01   1.8087468e+00   2.9535910e-01   2.9451636e-01   2.9288076e-01   2.9139389e-01   2.8979309e-01   2.8923371e-01   2.8969480e-01   2.9048292e-01   2.9346745e-01   2.9533292e-01   2.9514641e-01   2.9089550e-01   2.8107471e-01   1.0721125e+00   2.5508250e+01
  -3.4484597e+01  -2.2642824e+01  -1.1841773e+01   6.9587385e+01   5.1171785e+01   1.8415600e+01   5.0727249e+00   2.4912966e+02   2.8092619e+02  -3.1796523e+01   7.0044872e-02   6.8668397e+02   4.7007770e+02             NaN             NaN   2.6201096e+01   1.8087468e+00   2.9599751e-01   2.9520155e-01   2.9362784e-01   2.9220323e-01   2.9068163e-01   2.9015891e-01   2.9060430e-01   2.9133020e-01   2.9416743e-01   2.9594992e-01   2.9571426e-01   2.9134690e-01   2.8114581e-01   1.0721125e+00   2.5508250e+01
  -3.5548350e+01  -2.2642824e+01  -1.2905526e+01   7.2798221e+01   5.1171785e+01   2.1626436e+01   5.0727249e+00   2.4545270e+02   2.8092619e+02  -3.5473490e+01   7.0044872e-02   6.8668397e+02   4.6993874e+02             NaN             NaN   2.6201096e+01   1.8087468e+00   2.9660560e-01   2.9585504e-01   2.9434115e-01   2.9297646e-01   2.9153039e-01   2.9104280e-01   2.9147323e-01   2.9214241e-01   2.9484052e-01   2.9654447e-01   2.9626329e-01   2.9178967e-01   2.8121774e-01   1.0721125e+00   2.5508250e+01
  -3.6511487e+01  -2.2642824e+01  -1.3868663e+01   7.5867613e+01   5.1171785e+01   2.4695828e+01   5.0727249e+00   2.4196132e+02   2.8092619e+02  -3.8964864e+01   7.0044872e-02   6.8668397e+02   4.6981059e+02             NaN             NaN   2.6201096e+01   1.8087468e+00   2.9717541e-01   2.9646747e-01   2.9501009e-01   2.9370207e-01   2.9232710e-01   2.9187401e-01   2.9229304e-01   2.9291499e-01   2.9548508e-01   2.9711515e-01   2.9679174e-01   2.9222133e-01   2.8128999e-01   1.0721125e+00   2.5508250e+01
  -3.7378736e+01  -2.2642824e+01  -1.4735912e+01   7.8883118e+01   5.1171785e+01   2.7711333e+01   5.0727249e+00   2.3858245e+02   2.8092619e+02  -4.2343734e+01   7.0044872e-02   6.8668397e+02   4.6967037e+02             NaN             NaN   2.6201096e+01   1.8087468e+00   2.9773057e-01   2.9706449e-01   2.9566213e-01   2.9440856e-01   2.9310123e-01   2.9267966e-01   2.9308447e-01   2.9365757e-01   2.9610263e-01   2.9766231e-01   2.9729981e-01   2.9264158e-01   2.8136245e-01   1.0721125e+00   2.5508250e+01
  -3.8157497e+01  -2.2642824e+01  -1.5514673e+01   8.1792220e+01   5.1171785e+01   3.0620435e+01   5.0727249e+00   2.3532439e+02   2.8092619e+02  -4.5601794e+01   7.0044872e-02   6.8668397e+02   4.6954479e+02             NaN             NaN   2.6201096e+01   1.8087468e+00   2.9825599e-01   2.9763033e-01   2.9628080e-01   2.9507910e-01   2.9383567e-01   2.9344402e-01   2.9383547e-01   2.9436380e-01   2.9669103e-01   2.9818449e-01   2.9778605e-01   2.9304836e-01   2.8143463e-01   1.0721125e+00   2.5508250e+01
  -3.8870359e+01  -2.2642824e+01  -1.6227535e+01   8.4599426e+01   5.1171785e+01   3.3427641e+01   5.0727249e+00   2.3219052e+02   2.8092619e+02  -4.8735664e+01   7.0044872e-02   6.8668397e+02   4.6942287e+02             NaN             NaN   2.6201096e+01   1.8087468e+00   2.9875220e-01   2.9816452e-01   2.9686499e-01   2.9571232e-01   2.9452903e-01   2.9416595e-01   2.9454559e-01   2.9503420e-01   2.9725144e-01   2.9868247e-01   2.9825068e-01   2.9344105e-01   2.8150628e-01   1.0721125e+00   2.5508250e+01
  -3.9518779e+01  -2.2642824e+01  -1.6875955e+01   8.7317488e+01   5.1171785e+01   3.6145703e+01   5.0727249e+00   2.2916465e+02   2.8092619e+02  -5.1761538e+01   7.0044872e-02   6.8668397e+02   4.6930193e+02             NaN             NaN   2.6201096e+01   1.8087468e+00   2.9921808e-01   2.9866669e-01   2.9741480e-01   2.9630854e-01   2.9518187e-01   2.9484608e-01   2.9521518e-01   2.9566812e-01   2.9778256e-01   2.9915509e-01   2.9869263e-01   2.9381820e-01   2.8157701e-01   1.0721125e+00   2.5508250e+01
  -3.4744133e+00  -2.2642824e+01   1.9168411e+01   2.1568099e+02   5.1171785e+01   1.6450921e+02   5.0727249e+00   1.1594654e+02   2.8092619e+02  -1.6497965e+02   7.0044872e-02   6.8668397e+02   4.6172847e+02             NaN             NaN   2.6201096e+01   1.8087468e+00   3.1400870e-01   3.1462841e-01   3.1487934e-01   3.1508035e-01   3.1540287e-01   3.1591755e-01   3.1616719e-01   3.1591798e-01   3.1533456e-01   3.1462218e-01   3.1341729e-01   3.0733405e-01   2.8581736e-01   1.0721125e+00   2.5508250e+01
  -6.1633938e+00  -2.2642824e+01   1.6479430e+01   2.0490119e+02   5.1171785e+01   1.5372941e+02   5.0727249e+00   1.2551409e+02   2.8092619e+02  -1.5541210e+02   7.0044872e-02   6.8668397e+02   4.6232358e+02             NaN             NaN   2.6201096e+01   1.8087468e+00   3.1259503e-01   3.1312580e-01   3.1326241e-01   3.1336710e-01   3.1359310e-01   3.1402423e-01   3.1424533e-01   3.1400534e-01   3.1356274e-01   3.1306549e-01   3.1193317e-01   3.0596513e-01   2.8524601e-01   1.0721125e+00   2.5508250e+01
  -9.8853161e+00  -2.2642824e+01   1.2757508e+01   1.8659602e+02   5.1171785e+01   1.3542423e+02   5.0727249e+00   1.4215314e+02   2.8092619e+02  -1.3877305e+02   7.0044872e-02   6.8668397e+02   4.6334331e+02             NaN             NaN   2.6201096e+01   1.8087468e+00   3.1015957e-01   3.1053293e-01   3.1046711e-01   3.1040034e-01   3.1044823e-01   3.1073061e-01   3.1090926e-01   3.1069492e-01   3.1052699e-01   3.1036259e-01   3.0933064e-01   3.0356730e-01   2.8430137e-01   1.0721125e+00   2.5508250e+01
  -1.3739816e+01  -2.2642824e+01   8.9030081e+00   1.6176302e+02   5.1171785e+01   1.1059123e+02   5.0727249e+00   1.6514841e+02   2.8092619e+02  -1.1577778e+02   7.0044872e-02   6.8668397e+02   4.6483592e+02             NaN             NaN   2.6201096e+01   1.8087468e+00   3.0688592e-01   3.0703067e-01   3.0667111e-01   3.0635606e-01   3.0613832e-01   3.0622723e-01   3.0639072e-01   3.0627038e-01   3.0660240e-01   3.0688975e-01   3.0602153e-01   3.0056973e-01   2.8326756e-01   1.0721125e+00   2.5508250e+01
  -1.6900532e+01  -2.2642824e+01   5.7422920e+00   1.3563614e+02   5.1171785e+01   8.4464355e+01   5.0727249e+00   1.8998137e+02   2.8092619e+02  -9.0944821e+01   7.0044872e-02   6.8668397e+02   4.6642349e+02             NaN             NaN   2.6201096e+01   1.8087468e+00   3.0349801e-01   3.0338419e-01   3.0269070e-01   3.0208714e-01   3.0154745e-01   3.0144288e-01   3.0164193e-01   3.0168599e-01   3.0266049e-01   3.0340152e-01   3.0269649e-01   2.9743574e-01   2.8239198e-01   1.0721125e+00   2.5508250e+01
  -1.9115411e+01  -2.2642824e+01   3.5274128e+00   1.1237249e+02   5.1171785e+01   6.1200707e+01   5.0727249e+00   2.1245813e+02   2.8092619e+02  -6.8468062e+01   7.0044872e-02   6.8668397e+02   4.6779242e+02             NaN             NaN   2.6201096e+01   1.8087468e+00   3.0046840e-01   3.0010427e-01   2.9908753e-01   2.9819421e-01   2.9731977e-01   2.9704924e-01   2.9731925e-01   2.9757168e-01   2.9921876e-01   3.0037483e-01   2.9984937e-01   2.9487656e-01   2.8180408e-01   1.0721125e+00   2.5508250e+01
  -2.0573580e+01  -2.2642824e+01   2.0692440e+00   9.3136711e+01   5.1171785e+01   4.1964926e+01   5.0727249e+00   2.3129861e+02   2.8092619e+02  -4.9627576e+01   7.0044872e-02   6.8668397e+02   4.6879859e+02             NaN             NaN   2.6201096e+01   1.8087468e+00   2.9782914e-01   2.9724620e-01   2.9594415e-01   2.9478215e-01   2.9358542e-01   2.9317143e-01   2.9351684e-01   2.9398903e-01   2.9625954e-01   2.9777619e-01   2.9742675e-01   2.9279843e-01   2.8140020e-01   1.0721125e+00   2.5508250e+01
  -2.1541335e+01  -2.2642824e+01   1.1014894e+00   7.7115520e+01   5.1171785e+01   2.5943735e+01   5.0727249e+00   2.4704636e+02   2.8092619e+02  -3.3879833e+01   7.0044872e-02   6.8668397e+02   4.6958117e+02             NaN             NaN   2.6201096e+01   1.8087468e+00   2.9553724e-01   2.9476275e-01   2.9321033e-01   2.9180414e-01   2.9030453e-01   2.8976333e-01   2.9017894e-01   2.9088011e-01   2.9372229e-01   2.9555402e-01   2.9537168e-01   2.9111457e-01   2.8111400e-01   1.0721125e+00   2.5508250e+01
  -2.2209552e+01  -2.2642824e+01   4.3327210e-01   6.3393670e+01   5.1171785e+01   1.2221885e+01   5.0727249e+00   2.6047008e+02   2.8092619e+02  -2.0456103e+01   7.0044872e-02   6.8668397e+02   4.7024905e+02             NaN             NaN   2.6201096e+01   1.8087468e+00   2.9352938e-01   2.9258530e-01   2.9081066e-01   2.8918261e-01   2.8739917e-01   2.8674201e-01   2.8722089e-01   2.8815897e-01   2.9152439e-01   2.9363232e-01   2.9360769e-01   2.8973234e-01   2.8090319e-01   1.0721125e+00   2.5508250e+01
  -2.2686392e+01  -2.2642824e+01  -4.3568312e-02   5.1425831e+01   5.1171785e+01   2.5404564e-01   5.0727249e+00   2.7209772e+02   2.8092619e+02  -8.8284700e+00   7.0044872e-02   6.8668397e+02   4.7084261e+02             NaN             NaN   2.6201096e+01   1.8087468e+00   2.9174265e-01   2.9064498e-01   2.8866876e-01   2.8683659e-01   2.8478541e-01   2.8401949e-01   2.8455562e-01   2.8573608e-01   2.8958039e-01   2.9193096e-01   2.9205533e-01   2.8856722e-01   2.8074087e-01   1.0721125e+00   2.5508250e+01
  -2.3033842e+01  -2.2642824e+01  -3.9101800e-01   4.1013779e+01   5.1171785e+01  -1.0158006e+01   5.0727249e+00   2.8232535e+02   2.8092619e+02   1.3991614e+00   7.0044872e-02   6.8668397e+02   4.7130586e+02             NaN             NaN   2.6201096e+01   1.8087468e+00   2.9013807e-01   2.8889871e-01   2.8673644e-01   2.8471398e-01   2.8240862e-01   2.8153942e-01   2.8213124e-01   2.8356135e-01   2.8784741e-01   2.9041389e-01   2.9068067e-01   2.8758024e-01   2.8061353e-01   1.0721125e+00   2.5508250e+01
  -2.3305006e+01  -2.2642824e+01  -6.6218230e-01   3.1689972e+01   5.1171785e+01  -1.9481813e+01   5.0727249e+00   2.9149460e+02   2.8092619e+02   1.0568412e+01   7.0044872e-02   6.8668397e+02   4.7170668e+02             NaN             NaN   2.6201096e+01   1.8087468e+00   2.8869379e-01   2.8732293e-01   2.8498735e-01   2.8278579e-01   2.8023788e-01   2.7926673e-01   2.7991371e-01   2.8159898e-01   2.8629358e-01   2.8905431e-01   2.8945753e-01   2.8673871e-01   2.8051151e-01   1.0721125e+00   2.5508250e+01
  -2.3493756e+01  -2.2642824e+01  -8.5093157e-01   2.3362386e+01   5.1171785e+01  -2.7809399e+01   5.0727249e+00   2.9966626e+02   2.8092619e+02   1.8740070e+01   7.0044872e-02   6.8668397e+02   4.7207354e+02             NaN             NaN   2.6201096e+01   1.8087468e+00   2.8739372e-01   2.8589946e-01   2.8340152e-01   2.8103075e-01   2.7825240e-01   2.7718200e-01   2.7788472e-01   2.7982488e-01   2.8489327e-01   2.8782888e-01   2.8836252e-01   2.8601515e-01   2.8042817e-01   1.0721125e+00   2.5508250e+01
  -2.3655432e+01  -2.2642824e+01  -1.0126079e+00   1.5750556e+01   5.1171785e+01  -3.5421229e+01   5.0727249e+00   3.0709668e+02   2.8092619e+02   2.6170492e+01   7.0044872e-02   6.8668397e+02   4.7241263e+02             NaN             NaN   2.6201096e+01   1.8087468e+00   2.8621082e-01   2.8460014e-01   2.8194840e-01   2.7941575e-01   2.7641575e-01   2.7524547e-01   2.7600852e-01   2.7820859e-01   2.8362321e-01   2.8671846e-01   2.8737727e-01   2.8538877e-01   2.8035909e-01   1.0721125e+00   2.5508250e+01
  -2.3790684e+01  -2.2642824e+01  -1.1478596e+00   8.8579197e+00   5.1171785e+01  -4.2313865e+01   5.0727249e+00   3.1386425e+02   2.8092619e+02   3.2938067e+01   7.0044872e-02   6.8668397e+02   4.7270849e+02             NaN             NaN   2.6201096e+01   1.8087468e+00   2.8513764e-01   2.8341843e-01   2.8062201e-01   2.7793488e-01   2.7472229e-01   2.7344839e-01   2.7426995e-01   2.7672451e-01   2.8245414e-01   2.8569377e-01   2.8647183e-01   2.8483126e-01   2.8029982e-01   1.0721125e+00   2.5508250e+01
  -2.3876955e+01  -2.2642824e+01  -1.2341310e+00   2.5510412e+00   5.1171785e+01  -4.8620744e+01   5.0727249e+00   3.1995452e+02   2.8092619e+02   3.9028328e+01   7.0044872e-02   6.8668397e+02   4.7302130e+02             NaN             NaN   2.6201096e+01   1.8087468e+00   2.8415587e-01   2.8233364e-01   2.7940042e-01   2.7656577e-01   2.7314976e-01   2.7177294e-01   2.7265738e-01   2.7536500e-01   2.8138274e-01   2.8475456e-01   2.8564711e-01   2.8434054e-01   2.8024931e-01   1.0721125e+00   2.5508250e+01
  -2.3965091e+01  -2.2642824e+01  -1.3222668e+00  -3.1746586e+00   5.1171785e+01  -5.4346444e+01   5.0727249e+00   3.2557275e+02   2.8092619e+02   4.4646560e+01   7.0044872e-02   6.8668397e+02   4.7326491e+02             NaN             NaN   2.6201096e+01   1.8087468e+00   2.8325463e-01   2.8133484e-01   2.7827291e-01   2.7529688e-01   2.7168520e-01   2.7020278e-01   2.7115124e-01   2.7410867e-01   2.8039070e-01   2.8388421e-01   2.8488698e-01   2.8390218e-01   2.8020547e-01   1.0721125e+00   2.5508250e+01
  -2.4031795e+01  -2.2642824e+01  -1.3889705e+00  -8.4464715e+00   5.1171785e+01  -5.9618257e+01   5.0727249e+00   3.3073521e+02   2.8092619e+02   4.9809027e+01   7.0044872e-02   6.8668397e+02   4.7348638e+02             NaN             NaN   2.6201096e+01   1.8087468e+00   2.8242496e-01   2.8041352e-01   2.7723038e-01   2.7411919e-01   2.7032030e-01   2.6873217e-01   2.6974577e-01   2.7294493e-01   2.7946646e-01   2.8307143e-01   2.8418009e-01   2.8350547e-01   2.8016676e-01   1.0721125e+00   2.5508250e+01
  -2.4086748e+01  -2.2642824e+01  -1.4439238e+00  -1.3283971e+01   5.1171785e+01  -6.4455756e+01   5.0727249e+00   3.3547535e+02   2.8092619e+02   5.4549163e+01   7.0044872e-02   6.8668397e+02   4.7369005e+02             NaN             NaN   2.6201096e+01   1.8087468e+00   2.8165402e-01   2.7955464e-01   2.7625601e-01   2.7301489e-01   2.6903558e-01   2.6734170e-01   2.6842541e-01   2.7186549e-01   2.7860848e-01   2.8231730e-01   2.8352835e-01   2.8315027e-01   2.8013287e-01   1.0721125e+00   2.5508250e+01
  -2.4248038e+01  -2.2642824e+01  -1.6052135e+00  -3.5458402e+01   5.1171785e+01  -8.6630186e+01   5.0727249e+00   3.5713627e+02   2.8092619e+02   7.6210087e+01   7.0044872e-02   6.8668397e+02   4.7460198e+02             NaN             NaN   2.6201096e+01   1.8087468e+00   2.7807121e-01   2.7554496e-01   2.7167698e-01   2.6777367e-01   2.6286674e-01   2.6055832e-01   2.6204596e-01   2.6671933e-01   2.7445029e-01   2.7865307e-01   2.8041565e-01   2.8158116e-01   2.7999106e-01   1.0721125e+00   2.5508250e+01
  -2.4267879e+01  -2.2642824e+01  -1.6250546e+00  -4.8247056e+01   5.1171785e+01  -9.9418841e+01   5.0727249e+00   3.6958168e+02   2.8092619e+02   8.8655494e+01   7.0044872e-02   6.8668397e+02   4.7511194e+02             NaN             NaN   2.6201096e+01   1.8087468e+00   2.7598438e-01   2.7319597e-01   2.6897432e-01   2.6464338e-01   2.5913089e-01   2.5636987e-01   2.5817286e-01   2.6363004e-01   2.7190214e-01   2.7641160e-01   2.7856997e-01   2.8074771e-01   2.7992038e-01   1.0721125e+00   2.5508250e+01
  -2.4256357e+01  -2.2642824e+01  -1.6135330e+00  -5.7740288e+01   5.1171785e+01  -1.0891207e+02   5.0727249e+00   3.7877393e+02   2.8092619e+02   9.7847737e+01   7.0044872e-02   6.8668397e+02   4.7548014e+02             NaN             NaN   2.6201096e+01   1.8087468e+00   2.7439928e-01   2.7140357e-01   2.6690266e-01   2.6222794e-01   2.5622367e-01   2.5307575e-01   2.5516702e-01   2.6123443e-01   2.6990158e-01   2.7466228e-01   2.7716843e-01   2.8016015e-01   2.7987218e-01   1.0721125e+00   2.5508250e+01
  -2.4227466e+01  -2.2642824e+01  -1.5846414e+00  -6.5203647e+01   5.1171785e+01  -1.1637543e+02   5.0727249e+00   3.8599066e+02   2.8092619e+02   1.0506447e+02   7.0044872e-02   6.8668397e+02   4.7576292e+02             NaN             NaN   2.6201096e+01   1.8087468e+00   2.7317107e-01   2.7000933e-01   2.6528275e-01   2.6032725e-01   2.5391919e-01   2.5044162e-01   2.5278280e-01   2.5932258e-01   2.6829139e-01   2.7326636e-01   2.7607804e-01   2.7972867e-01   2.7983751e-01   1.0721125e+00   2.5508250e+01
  -2.4186065e+01  -2.2642824e+01  -1.5432414e+00  -7.1167595e+01   5.1171785e+01  -1.2233938e+02   5.0727249e+00   3.9171340e+02   2.8092619e+02   1.1078721e+02   7.0044872e-02   6.8668397e+02   4.7599733e+02             NaN             NaN   2.6201096e+01   1.8087468e+00   2.7217779e-01   2.6887576e-01   2.6396117e-01   2.5877129e-01   2.5202378e-01   2.4826021e-01   2.5082136e-01   2.5774000e-01   2.6694982e-01   2.7211427e-01   2.7519832e-01   2.7939553e-01   2.7981108e-01   1.0721125e+00   2.5508250e+01
  -2.1951323e+01  -2.2642824e+01   6.9150086e-01   6.3539799e+01   5.1171785e+01   1.2368014e+01   5.0727249e+00   2.4242935e+02   2.8092619e+02  -3.8496843e+01   1.4008974e-02   6.8668397e+02   4.6998544e+02             NaN             NaN   2.6201096e+01   1.8087468e+00   2.5938793e-01   2.5698385e-01   2.5340653e-01   2.4981846e-01   2.4573170e-01   2.4447213e-01   2.4743601e-01   2.5290735e-01   2.6120929e-01   2.6754393e-01   2.7236205e-01   2.7821580e-01   2.7972213e-01   1.0721125e+00   2.5508250e+01
  -2.2411569e+01  -2.2642824e+01   2.3125548e-01   5.5617242e+01   5.1171785e+01   4.4454569e+00   5.0727249e+00   2.6163570e+02   2.8092619e+02  -1.9290491e+01   4.2026923e-02   6.8668397e+02   4.7054203e+02             NaN             NaN   2.6201096e+01   1.8087468e+00   2.7954499e-01   2.7799769e-01   2.7553845e-01   2.7307493e-01   2.7018874e-01   2.6883438e-01   2.6970757e-01   2.7247334e-01   2.7746346e-01   2.8035899e-01   2.8145044e-01   2.8168163e-01   2.7998621e-01   1.0721125e+00   2.5508250e+01
  -2.2554863e+01  -2.2642824e+01   8.7960900e-02   5.3357451e+01   5.1171785e+01   2.1856655e+00   5.0727249e+00   2.6745280e+02   2.8092619e+02  -1.3473386e+01   5.6035897e-02   6.8668397e+02   4.7069566e+02             NaN             NaN   2.6201096e+01   1.8087468e+00   2.8643085e-01   2.8513457e-01   2.8295810e-01   2.8087372e-01   2.7840964e-01   2.7735907e-01   2.7792819e-01   2.7978594e-01   2.8416871e-01   2.8663366e-01   2.8696860e-01   2.8481491e-01   2.8028468e-01   1.0721125e+00   2.5508250e+01
  -2.2626417e+01  -2.2642824e+01   1.6406884e-02   5.2326417e+01   5.1171785e+01   1.1546320e+00   5.0727249e+00   2.6994042e+02   2.8092619e+02  -1.0985769e+01   6.3040385e-02   6.8668397e+02   4.7077763e+02             NaN             NaN   2.6201096e+01   1.8087468e+00   2.8928664e-01   2.8810352e-01   2.8603303e-01   2.8409081e-01   2.8183934e-01   2.8093069e-01   2.8145522e-01   2.8293981e-01   2.8705931e-01   2.8945206e-01   2.8964261e-01   2.8669555e-01   2.8049743e-01   1.0721125e+00   2.5508250e+01
  -2.2686392e+01  -2.2642824e+01  -4.3568312e-02   5.1425831e+01   5.1171785e+01   2.5404564e-01   5.0727249e+00   2.7209772e+02   2.8092619e+02  -8.8284700e+00   7.0044872e-02   6.8668397e+02   4.7084261e+02             NaN             NaN   2.6201096e+01   1.8087468e+00   2.9174265e-01   2.9064498e-01   2.8866876e-01   2.8683659e-01   2.8478541e-01   2.8401949e-01   2.8455562e-01   2.8573608e-01   2.8958039e-01   2.9193096e-01   2.9205533e-01   2.8856722e-01   2.8074087e-01   1.0721125e+00   2.5508250e+01
  -2.2744201e+01  -2.2642824e+01  -1.0137721e-01   5.0589013e+01   5.1171785e+01  -5.8277206e-01   5.0727249e+00   2.7406323e+02   2.8092619e+02  -6.8629533e+00   7.7049359e-02   6.8668397e+02   4.7090329e+02             NaN             NaN   2.6201096e+01   1.8087468e+00   2.9395998e-01   2.9293191e-01   2.9104964e-01   2.8930598e-01   2.8744612e-01   2.8682101e-01   2.8740031e-01   2.8835343e-01   2.9191568e-01   2.9424247e-01   2.9436132e-01   2.9051549e-01   2.8103110e-01   1.0721125e+00   2.5508250e+01
  -2.2797864e+01  -2.2642824e+01  -1.5503983e-01   4.9794762e+01   5.1171785e+01  -1.3770226e+00   5.0727249e+00   2.7584627e+02   2.8092619e+02  -5.0799158e+00   8.4053846e-02   6.8668397e+02   4.7096038e+02             NaN             NaN   2.6201096e+01   1.8087468e+00   2.9591228e-01   2.9494181e-01   2.9314263e-01   2.9146977e-01   2.8978163e-01   2.8927852e-01   2.8989468e-01   2.9067225e-01   2.9393779e-01   2.9624498e-01   2.9640553e-01   2.9239568e-01   2.8135204e-01   1.0721125e+00   2.5508250e+01
  -2.2894950e+01  -2.2642824e+01  -2.5212567e-01   4.8367332e+01   5.1171785e+01  -2.8044528e+00   5.0727249e+00   2.7902050e+02   2.8092619e+02  -1.9056901e+00   9.8062821e-02   6.8668397e+02   4.7107227e+02             NaN             NaN   2.6201096e+01   1.8087468e+00   2.9937344e-01   2.9855796e-01   2.9690815e-01   2.9536062e-01   2.9397131e-01   2.9372792e-01   2.9443797e-01   2.9502779e-01   2.9768121e-01   2.9993657e-01   3.0025995e-01   2.9626313e-01   2.8216102e-01   1.0721125e+00   2.5508250e+01
  -2.3049174e+01  -2.2642824e+01  -4.0635036e-01   4.6117478e+01   5.1171785e+01  -5.0543071e+00   5.0727249e+00   2.8392465e+02   2.8092619e+02   2.9984592e+00   1.2608077e-01   6.8668397e+02   4.7125362e+02             NaN             NaN   2.6201096e+01   1.8087468e+00   3.0457826e-01   3.0402933e-01   3.0261143e-01   3.0118434e-01   3.0013142e-01   3.0034901e-01   3.0119453e-01   3.0174639e-01   3.0331934e-01   3.0522249e-01   3.0574209e-01   3.0216248e-01   2.8384041e-01   1.0721125e+00   2.5508250e+01
  -2.3289437e+01  -2.2642824e+01  -6.4661288e-01   4.2553981e+01   5.1171785e+01  -8.6178040e+00   5.0727249e+00   2.9127306e+02   2.8092619e+02   1.0346875e+01   1.8211667e-01   6.8668397e+02   4.7158818e+02             NaN             NaN   2.6201096e+01   1.8087468e+00   3.1211612e-01   3.1187855e-01   3.1088352e-01   3.0981220e-01   3.0902723e-01   3.1015025e-01   3.1146633e-01   3.1224959e-01   3.1256247e-01   3.1305284e-01   3.1343232e-01   3.1021015e-01   2.8729347e-01   1.0721125e+00   2.5508250e+01
  -2.3532317e+01  -2.2642824e+01  -8.8949252e-01   3.8816051e+01   5.1171785e+01  -1.2355734e+01   5.0727249e+00   2.9940458e+02   2.8092619e+02   1.8478395e+01   2.9418846e-01   6.8668397e+02   4.7195923e+02             NaN             NaN   2.6201096e+01   1.8087468e+00   3.2112668e-01   3.2134175e-01   3.2081430e-01   3.2031047e-01   3.1971137e-01   3.2158114e-01   3.2372772e-01   3.2538302e-01   3.2615694e-01   3.2413058e-01   3.2228622e-01   3.1882673e-01   2.9207926e-01   1.0721125e+00   2.5508250e+01
  -2.1468288e+01  -2.2642824e+01   1.1745365e+00   3.9945927e+02   5.1171785e+01   3.4828749e+02   5.0727249e+00  -9.1534215e+01   2.8092619e+02  -3.7246040e+02   7.0044872e-02   6.8668397e+02   4.6865447e+02             NaN             NaN   1.1201096e+01   1.8087468e+00   3.5412121e-01   3.5558005e-01   3.5703866e-01   3.5846355e-01   3.6017009e-01   3.6243600e-01   3.6414051e-01   3.6545507e-01   3.6664127e-01   3.6572571e-01   3.6146626e-01   3.4346467e-01   3.0879337e-01   1.0721125e+00   2.5508250e+01
  -2.3333408e+01  -2.2642824e+01  -6.9058380e-01   2.8889302e+02   5.1171785e+01   2.3772124e+02   5.0727249e+00   2.8469417e+01   2.8092619e+02  -2.5245677e+02   7.0044872e-02   6.8668397e+02   4.7095586e+02             NaN             NaN   1.6201096e+01   1.8087468e+00   3.4326048e-01   3.4421048e-01   3.4510755e-01   3.4597321e-01   3.4701447e-01   3.4848915e-01   3.4953612e-01   3.5006487e-01   3.5023572e-01   3.4819983e-01   3.4334772e-01   3.3169940e-01   3.0476344e-01   1.0721125e+00   2.5508250e+01
  -2.3900669e+01  -2.2642824e+01  -1.2578449e+00   2.4263750e+02   5.1171785e+01   1.9146571e+02   5.0727249e+00   7.8401349e+01   2.8092619e+02  -2.0252484e+02   7.0044872e-02   6.8668397e+02   4.7174109e+02             NaN             NaN   1.8201096e+01   1.8087468e+00   3.3660389e-01   3.3727461e-01   3.3784548e-01   3.3838775e-01   3.3905694e-01   3.4014512e-01   3.4092602e-01   3.4121941e-01   3.4098910e-01   3.3863036e-01   3.3452087e-01   3.2851871e-01   3.0129203e-01   1.0721125e+00   2.5508250e+01
  -2.4308955e+01  -2.2642824e+01  -1.6661306e+00   1.9295739e+02   5.1171785e+01   1.4178560e+02   5.0727249e+00   1.3100123e+02   2.8092619e+02  -1.4992496e+02   7.0044872e-02   6.8668397e+02   4.7228446e+02             NaN             NaN   2.0201096e+01   1.8087468e+00   3.2813348e-01   3.2845983e-01   3.2859094e-01   3.2869846e-01   3.2890370e-01   3.2955637e-01   3.3008019e-01   3.3011344e-01   3.2947941e-01   3.2729343e-01   3.2543048e-01   3.2038990e-01   2.9303706e-01   1.0721125e+00   2.5508250e+01
  -2.4442772e+01  -2.2642824e+01  -1.7999482e+00   1.4013689e+02   5.1171785e+01   8.8965104e+01   5.0727249e+00   1.8515744e+02   2.8092619e+02  -9.5768743e+01   7.0044872e-02   6.8668397e+02   4.7270495e+02             NaN             NaN   2.2201096e+01   1.8087468e+00   3.1761447e-01   3.1750521e-01   3.1701898e-01   3.1653805e-01   3.1615342e-01   3.1629622e-01   3.1659400e-01   3.1645220e-01   3.1595071e-01   3.1542565e-01   3.1463839e-01   3.0928203e-01   2.8677476e-01   1.0721125e+00   2.5508250e+01
  -2.4018980e+01  -2.2642824e+01  -1.3761555e+00   9.0741948e+01   5.1171785e+01   3.9570163e+01   5.0727249e+00   2.3467393e+02   2.8092619e+02  -4.6252263e+01   7.0044872e-02   6.8668397e+02   4.7239631e+02             NaN             NaN   2.4201096e+01   1.8087468e+00   3.0521605e-01   3.0458937e-01   3.0334146e-01   3.0217710e-01   3.0102338e-01   3.0062742e-01   3.0085843e-01   3.0090607e-01   3.0206442e-01   3.0318359e-01   3.0281421e-01   2.9801583e-01   2.8255442e-01   1.0721125e+00   2.5508250e+01
  -2.3457761e+01  -2.2642824e+01  -8.1493719e-01   6.9616958e+01   5.1171785e+01   1.8445173e+01   5.0727249e+00   2.5530482e+02   2.8092619e+02  -2.5621371e+01   7.0044872e-02   6.8668397e+02   4.7178529e+02             NaN             NaN   2.5201096e+01   1.8087468e+00   2.9858288e-01   2.9770703e-01   2.9608113e-01   2.9457790e-01   2.9298950e-01   2.9237359e-01   2.9270383e-01   2.9314065e-01   2.9559604e-01   2.9734720e-01   2.9716544e-01   2.9275577e-01   2.8139496e-01   1.0721125e+00   2.5508250e+01
  -2.2686392e+01  -2.2642824e+01  -4.3568312e-02   5.1425831e+01   5.1171785e+01   2.5404564e-01   5.0727249e+00   2.7209772e+02   2.8092619e+02  -8.8284700e+00   7.0044872e-02   6.8668397e+02   4.7084261e+02             NaN             NaN   2.6201096e+01   1.8087468e+00   2.9174265e-01   2.9064498e-01   2.8866876e-01   2.8683659e-01   2.8478541e-01   2.8401949e-01   2.8455562e-01   2.8573608e-01   2.8958039e-01   2.9193096e-01   2.9205533e-01   2.8856722e-01   2.8074087e-01   1.0721125e+00   2.5508250e+01
  -2.1732638e+01  -2.2642824e+01   9.1018616e-01   3.6881557e+01   5.1171785e+01  -1.4290227e+01   5.0727249e+00   2.8467457e+02   2.8092619e+02   3.7483820e+00   7.0044872e-02   6.8668397e+02   4.6943007e+02             NaN             NaN   2.7201096e+01   1.8087468e+00   2.8494141e-01   2.8365495e-01   2.8134930e-01   2.7920126e-01   2.7668087e-01   2.7584884e-01   2.7675926e-01   2.7906186e-01   2.8419529e-01   2.8707694e-01   2.8760593e-01   2.8543818e-01   2.8036321e-01   1.0721125e+00   2.5508250e+01
  -2.0618398e+01  -2.2642824e+01   2.0244260e+00   2.5163234e+01   5.1171785e+01  -2.6008551e+01   5.0727249e+00   2.9367656e+02   2.8092619e+02   1.2750368e+01   7.0044872e-02   6.8668397e+02   4.6780072e+02             NaN             NaN   2.8201096e+01   1.8087468e+00   2.7848352e-01   2.7704495e-01   2.7446175e-01   2.7201852e-01   2.6908154e-01   2.6822367e-01   2.6971949e-01   2.7333546e-01   2.7949869e-01   2.8284162e-01   2.8385328e-01   2.8319756e-01   2.8013529e-01   1.0721125e+00   2.5508250e+01
  -1.7844276e+01  -2.2642824e+01   4.7985478e+00   7.8952035e+00   5.1171785e+01  -4.3276582e+01   5.0727249e+00   3.0553993e+02   2.8092619e+02   2.4613740e+01   7.0044872e-02   6.8668397e+02   4.6418773e+02             NaN             NaN   3.0201096e+01   1.8087468e+00   2.6663624e-01   2.6506742e-01   2.6211786e-01   2.5912201e-01   2.5560009e-01   2.5496515e-01   2.5833617e-01   2.6435430e-01   2.7182138e-01   2.7599073e-01   2.7815524e-01   2.8041802e-01   2.7988979e-01   1.0721125e+00   2.5508250e+01
  -1.4583398e+01  -2.2642824e+01   8.0594262e+00  -7.0983018e-01   5.1171785e+01  -5.1881615e+01   5.0727249e+00   3.0831325e+02   2.8092619e+02   2.7387060e+01   7.0044872e-02   6.8668397e+02   4.6011547e+02             NaN             NaN   3.2201096e+01   1.8087468e+00   2.5628130e-01   2.5490588e-01   2.5190511e-01   2.4861733e-01   2.4491281e-01   2.4520331e-01   2.5064505e-01   2.5798093e-01   2.6620391e-01   2.7123650e-01   2.7460572e-01   2.7900667e-01   2.7977652e-01   1.0721125e+00   2.5508250e+01
  -1.1127724e+01  -2.2642824e+01   1.1515100e+01  -3.1830475e+00   5.1171785e+01  -5.4354833e+01   5.0727249e+00   3.0420115e+02   2.8092619e+02   2.3274958e+01   7.0044872e-02   6.8668397e+02   4.5572573e+02             NaN             NaN   3.4201096e+01   1.8087468e+00   2.4677675e-01   2.4597915e-01   2.4319474e-01   2.3989288e-01   2.3630855e-01   2.3820261e-01   2.4535990e-01   2.5337608e-01   2.6226449e-01   2.6817773e-01   2.7253115e-01   2.7826826e-01   2.7971918e-01   1.0721125e+00   2.5508250e+01
  -7.8372927e+00  -2.2642824e+01   1.4805531e+01  -3.0775691e+00   5.1171785e+01  -5.4249354e+01   5.0727249e+00   2.9678556e+02   2.8092619e+02   1.5859369e+01   7.0044872e-02   6.8668397e+02   4.5129904e+02             NaN             NaN   3.6201096e+01   1.8087468e+00   2.3782048e-01   2.3800420e-01   2.3560996e-01   2.3246582e-01   2.2915959e-01   2.3312887e-01   2.4161216e-01   2.5012667e-01   2.5970130e-01   2.6635061e-01   2.7137353e-01   2.7788068e-01   2.7968949e-01   1.0721125e+00   2.5508250e+01
  -3.3278052e-01  -2.2642824e+01   2.2310044e+01   3.0186892e-01   5.1171785e+01  -5.0869916e+01   5.0727249e+00   2.7106716e+02   2.8092619e+02  -9.8590242e+00   7.0044872e-02   6.8668397e+02   4.3976001e+02             NaN             NaN   4.1201096e+01   1.8087468e+00   2.1682453e-01   2.2124130e-01   2.1973553e-01   2.1674842e-01   2.1413724e-01   2.2427294e-01   2.3545616e-01   2.4540951e-01   2.5665345e-01   2.6446915e-01   2.7030726e-01   2.7758510e-01   2.7966846e-01   1.0721125e+00   2.5508250e+01
   5.7857740e+00  -2.2642824e+01   2.8428598e+01   2.2068773e+02   5.1171785e+01   1.6951594e+02   5.0727249e+00   1.1500416e+02   2.8092619e+02  -1.6592203e+02   7.0044872e-02   6.8668397e+02   4.6150050e+02             NaN             NaN   2.6201096e+01   1.8087468e+00   3.1392140e-01   3.1454739e-01   3.1480217e-01   3.1500544e-01   3.1532885e-01   3.1584015e-01   3.1608508e-01   3.1583215e-01   3.1524846e-01   3.1453985e-01   3.1333950e-01   3.0727339e-01   2.8581056e-01   1.0721125e+00   2.5508250e+01
   1.0362869e+00  -2.2642824e+01   2.3679111e+01   1.9309825e+02   5.1171785e+01   1.4192646e+02   5.0727249e+00   1.4042113e+02   2.8092619e+02  -1.4050506e+02   7.0044872e-02   6.8668397e+02   4.6323632e+02             NaN             NaN   2.6201096e+01   1.8087468e+00   3.0999606e-01   3.1036980e-01   3.1029492e-01   3.1022337e-01   3.1026561e-01   3.1054370e-01   3.1073031e-01   3.1054016e-01   3.1043630e-01   3.1033208e-01   3.0933329e-01   3.0361046e-01   2.8431363e-01   1.0721125e+00   2.5508250e+01
  -3.4525038e+00  -2.2642824e+01   1.9190320e+01   1.6227574e+02   5.1171785e+01   1.1110396e+02   5.0727249e+00   1.6924400e+02   2.8092619e+02  -1.1168219e+02   7.0044872e-02   6.8668397e+02   4.6510179e+02             NaN             NaN   2.6201096e+01   1.8087468e+00   3.0580457e-01   3.0586975e-01   3.0539644e-01   3.0498892e-01   3.0466425e-01   3.0469007e-01   3.0487554e-01   3.0483617e-01   3.0544137e-01   3.0593107e-01   3.0513938e-01   2.9975208e-01   2.8301300e-01   1.0721125e+00   2.5508250e+01
  -7.6195244e+00  -2.2642824e+01   1.5023300e+01   1.3435837e+02   5.1171785e+01   8.3186586e+01   5.0727249e+00   1.9530688e+02   2.8092619e+02  -8.5619305e+01   7.0044872e-02   6.8668397e+02   4.6676491e+02             NaN             NaN   2.6201096e+01   1.8087468e+00   3.0216403e-01   3.0193953e-01   3.0109299e-01   3.0035604e-01   2.9965453e-01   2.9946762e-01   2.9970229e-01   2.9986040e-01   3.0119793e-01   3.0215860e-01   3.0153970e-01   2.9638649e-01   2.8213253e-01   1.0721125e+00   2.5508250e+01
  -1.1338087e+01  -2.2642824e+01   1.1304737e+01   1.1118351e+02   5.1171785e+01   6.0011724e+01   5.0727249e+00   2.1687107e+02   2.8092619e+02  -6.4055122e+01   7.0044872e-02   6.8668397e+02   4.6801111e+02             NaN             NaN   2.6201096e+01   1.8087468e+00   2.9919210e-01   2.9872625e-01   2.9756713e-01   2.9653949e-01   2.9549457e-01   2.9514084e-01   2.9544406e-01   2.9581494e-01   2.9781032e-01   2.9915607e-01   2.9871277e-01   2.9388328e-01   2.8160056e-01   1.0721125e+00   2.5508250e+01
  -1.4557359e+01  -2.2642824e+01   8.0854653e+00   9.2753227e+01   5.1171785e+01   4.1581442e+01   5.0727249e+00   2.3415624e+02   2.8092619e+02  -4.6769946e+01   7.0044872e-02   6.8668397e+02   4.6888194e+02             NaN             NaN   2.6201096e+01   1.8087468e+00   2.9682349e-01   2.9616176e-01   2.9474948e-01   2.9347806e-01   2.9213733e-01   2.9165200e-01   2.9201955e-01   2.9259626e-01   2.9514464e-01   2.9680249e-01   2.9651958e-01   2.9203661e-01   2.8126502e-01   1.0721125e+00   2.5508250e+01
  -1.7285989e+01  -2.2642824e+01   5.3568349e+00   7.8027813e+01   5.1171785e+01   2.6856028e+01   5.0727249e+00   2.4781716e+02   2.8092619e+02  -3.3109030e+01   7.0044872e-02   6.8668397e+02   4.6956705e+02             NaN             NaN   2.6201096e+01   1.8087468e+00   2.9496332e-01   2.9414715e-01   2.9253454e-01   2.9106575e-01   2.8947953e-01   2.8889280e-01   2.8931723e-01   2.9008620e-01   2.9308976e-01   2.9499827e-01   2.9485504e-01   2.9069680e-01   2.8104742e-01   1.0721125e+00   2.5508250e+01
  -1.9536101e+01  -2.2642824e+01   3.1067235e+00   6.6543117e+01   5.1171785e+01   1.5371332e+01   5.0727249e+00   2.5840095e+02   2.8092619e+02  -2.2525239e+01   7.0044872e-02   6.8668397e+02   4.7009806e+02             NaN             NaN   2.6201096e+01   1.8087468e+00   2.9354726e-01   2.9261005e-01   2.9084095e-01   2.8921647e-01   2.8743308e-01   2.8676842e-01   2.8723881e-01   2.8817380e-01   2.9153768e-01   2.9363991e-01   2.9361063e-01   2.8973047e-01   2.8090261e-01   1.0721125e+00   2.5508250e+01
  -2.1333065e+01  -2.2642824e+01   1.3097587e+00   5.7832043e+01   5.1171785e+01   6.6602584e+00   5.0727249e+00   2.6637049e+02   2.8092619e+02  -1.4555694e+01   7.0044872e-02   6.8668397e+02   4.7050665e+02             NaN             NaN   2.6201096e+01   1.8087468e+00   2.9248980e-01   2.9145983e-01   2.8957092e-01   2.8782654e-01   2.8588924e-01   2.8516596e-01   2.8567381e-01   2.8674781e-01   2.9039007e-01   2.9263761e-01   2.9269716e-01   2.8904116e-01   2.8080515e-01   1.0721125e+00   2.5508250e+01
  -2.2686392e+01  -2.2642824e+01  -4.3568312e-02   5.1425831e+01   5.1171785e+01   2.5404564e-01   5.0727249e+00   2.7209772e+02   2.8092619e+02  -8.8284700e+00   7.0044872e-02   6.8668397e+02   4.7084261e+02             NaN             NaN   2.6201096e+01   1.8087468e+00   2.9174265e-01   2.9064498e-01   2.8866876e-01   2.8683659e-01   2.8478541e-01   2.8401949e-01   2.8455562e-01   2.8573608e-01   2.8958039e-01   2.9193096e-01   2.9205533e-01   2.8856722e-01   2.8074087e-01   1.0721125e+00   2.5508250e+01
  -2.3658710e+01  -2.2642824e+01  -1.0158859e+00   4.7112981e+01   5.1171785e+01  -4.0588042e+00   5.0727249e+00   2.7601423e+02   2.8092619e+02  -4.9119530e+00   7.0044872e-02   6.8668397e+02   4.7104097e+02             NaN             NaN   2.6201096e+01   1.8087468e+00   2.9123259e-01   2.9008763e-01   2.8805066e-01   2.8615721e-01   2.8402604e-01   2.8323183e-01   2.8379049e-01   2.8505014e-01   2.8903519e-01   2.9145585e-01   2.9162510e-01   2.8825465e-01   2.8069964e-01   1.0721125e+00   2.5508250e+01
  -2.4323176e+01  -2.2642824e+01  -1.6803522e+00   4.4246752e+01   5.1171785e+01  -6.9250327e+00   5.0727249e+00   2.7860892e+02   2.8092619e+02  -2.3172678e+00   7.0044872e-02   6.8668397e+02   4.7116892e+02             NaN             NaN   2.6201096e+01   1.8087468e+00   2.9089282e-01   2.8971500e-01   2.8763632e-01   2.8570084e-01   2.8351446e-01   2.8270150e-01   2.8327670e-01   2.8459295e-01   2.8867459e-01   2.9114232e-01   2.9134194e-01   2.8805147e-01   2.8067335e-01   1.0721125e+00   2.5508250e+01
  -2.4780815e+01  -2.2642824e+01  -2.1379914e+00   4.2297677e+01   5.1171785e+01  -8.8741077e+00   5.0727249e+00   2.8037394e+02   2.8092619e+02  -5.5224838e-01   7.0044872e-02   6.8668397e+02   4.7125378e+02             NaN             NaN   2.6201096e+01   1.8087468e+00   2.9066957e-01   2.8947056e-01   2.8736409e-01   2.8540017e-01   2.8317621e-01   2.8234956e-01   2.8293468e-01   2.8428796e-01   2.8843403e-01   2.9093343e-01   2.9115370e-01   2.8791748e-01   2.8065621e-01   1.0721125e+00   2.5508250e+01
  -2.5112411e+01  -2.2642824e+01  -2.4695868e+00   4.0944030e+01   5.1171785e+01  -1.0227755e+01   5.0727249e+00   2.8158602e+02   2.8092619e+02   6.5982806e-01   7.0044872e-02   6.8668397e+02   4.7132423e+02             NaN             NaN   2.6201096e+01   1.8087468e+00   2.9051382e-01   2.8929915e-01   2.8717271e-01   2.8518847e-01   2.8293754e-01   2.8210072e-01   2.8269258e-01   2.8407276e-01   2.8826520e-01   2.9078708e-01   2.9102204e-01   2.8782450e-01   2.8064442e-01   1.0721125e+00   2.5508250e+01
  -2.5358131e+01  -2.2642824e+01  -2.7153068e+00   3.9923949e+01   5.1171785e+01  -1.1247836e+01   5.0727249e+00   2.8251803e+02   2.8092619e+02   1.5918378e+00   7.0044872e-02   6.8668397e+02   4.7136944e+02             NaN             NaN   2.6201096e+01   1.8087468e+00   2.9040299e-01   2.8917703e-01   2.8703608e-01   2.8503725e-01   2.8276710e-01   2.8192313e-01   2.8251985e-01   2.8391910e-01   2.8814429e-01   2.9068221e-01   2.9092778e-01   2.8775814e-01   2.8063604e-01   1.0721125e+00   2.5508250e+01
  -2.5536496e+01  -2.2642824e+01  -2.8936722e+00   3.9229657e+01   5.1171785e+01  -1.1942128e+01   5.0727249e+00   2.8312961e+02   2.8092619e+02   2.2034246e+00   7.0044872e-02   6.8668397e+02   4.7139757e+02             NaN             NaN   2.6201096e+01   1.8087468e+00   2.9031778e-01   2.8908330e-01   2.8693146e-01   2.8492156e-01   2.8263683e-01   2.8178784e-01   2.8238861e-01   2.8380254e-01   2.8805246e-01   2.9060251e-01   2.9085619e-01   2.8770796e-01   2.8062974e-01   1.0721125e+00   2.5508250e+01
  -2.5677307e+01  -2.2642824e+01  -3.0344825e+00   3.8679172e+01   5.1171785e+01  -1.2492613e+01   5.0727249e+00   2.8362143e+02   2.8092619e+02   2.6952399e+00   7.0044872e-02   6.8668397e+02   4.7142910e+02             NaN             NaN   2.6201096e+01   1.8087468e+00   2.9025026e-01   2.8900910e-01   2.8684859e-01   2.8482976e-01   2.8253306e-01   2.8167927e-01   2.8228266e-01   2.8370852e-01   2.8797915e-01   2.9053928e-01   2.9079963e-01   2.8766863e-01   2.8062483e-01   1.0721125e+00   2.5508250e+01
  -2.5801653e+01  -2.2642824e+01  -3.1588290e+00   3.8152909e+01   5.1171785e+01  -1.3018876e+01   5.0727249e+00   2.8410233e+02   2.8092619e+02   3.1761389e+00   7.0044872e-02   6.8668397e+02   4.7145183e+02             NaN             NaN   2.6201096e+01   1.8087468e+00   2.9019630e-01   2.8894985e-01   2.8678256e-01   2.8475689e-01   2.8245117e-01   2.8159378e-01   2.8219911e-01   2.8363391e-01   2.8791975e-01   2.9048731e-01   2.9075270e-01   2.8763549e-01   2.8062065e-01   1.0721125e+00   2.5508250e+01
  -2.5907375e+01  -2.2642824e+01  -3.2645511e+00   3.7724575e+01   5.1171785e+01  -1.3447210e+01   5.0727249e+00   2.8449499e+02   2.8092619e+02   3.5688021e+00   7.0044872e-02   6.8668397e+02   4.7146582e+02             NaN             NaN   2.6201096e+01   1.8087468e+00   2.9015270e-01   2.8890199e-01   2.8672921e-01   2.8469798e-01   2.8238495e-01   2.8152500e-01   2.8213223e-01   2.8357419e-01   2.8787229e-01   2.9044598e-01   2.9071557e-01   2.8760956e-01   2.8061742e-01   1.0721125e+00   2.5508250e+01
  -2.6233479e+01  -2.2642824e+01  -3.5906553e+00   3.6479263e+01   5.1171785e+01  -1.4692522e+01   5.0727249e+00   2.8559730e+02   2.8092619e+02   4.6711147e+00   7.0044872e-02   6.8668397e+02   4.7152252e+02             NaN             NaN   2.6201096e+01   1.8087468e+00   2.8999188e-01   2.8872625e-01   2.8653427e-01   2.8448337e-01   2.8214406e-01   2.8127368e-01   2.8188688e-01   2.8335545e-01   2.8769933e-01   2.9029571e-01   2.9058072e-01   2.8751565e-01   2.8060577e-01   1.0721125e+00   2.5508250e+01
  -2.6360003e+01  -2.2642824e+01  -3.7171793e+00   3.6017676e+01   5.1171785e+01  -1.5154109e+01   5.0727249e+00   2.8598123e+02   2.8092619e+02   5.0550404e+00   7.0044872e-02   6.8668397e+02   4.7154542e+02             NaN             NaN   2.6201096e+01   1.8087468e+00   2.8992341e-01   2.8865125e-01   2.8645086e-01   2.8439144e-01   2.8204073e-01   2.8116522e-01   2.8178065e-01   2.8326114e-01   2.8762524e-01   2.9023147e-01   2.9052319e-01   2.8747584e-01   2.8060087e-01   1.0721125e+00   2.5508250e+01
  -2.6455053e+01  -2.2642824e+01  -3.8122285e+00   3.5625968e+01   5.1171785e+01  -1.5545817e+01   5.0727249e+00   2.8633373e+02   2.8092619e+02   5.4075455e+00   7.0044872e-02   6.8668397e+02   4.7156993e+02             NaN             NaN   2.6201096e+01   1.8087468e+00   2.8988083e-01   2.8860455e-01   2.8639872e-01   2.8433384e-01   2.8197603e-01   2.8109804e-01   2.8171508e-01   2.8320214e-01   2.8757804e-01   2.9019034e-01   2.9048632e-01   2.8745034e-01   2.8059773e-01   1.0721125e+00   2.5508250e+01
  -2.6514660e+01  -2.2642824e+01  -3.8718360e+00   3.5427863e+01   5.1171785e+01  -1.5743922e+01   5.0727249e+00   2.8650188e+02   2.8092619e+02   5.5756873e+00   7.0044872e-02   6.8668397e+02   4.7157280e+02             NaN             NaN   2.6201096e+01   1.8087468e+00   2.8984942e-01   2.8857016e-01   2.8636047e-01   2.8429162e-01   2.8192849e-01   2.8104859e-01   2.8166697e-01   2.8315953e-01   2.8754464e-01   2.9016141e-01   2.9046044e-01   2.8743252e-01   2.8059554e-01   1.0721125e+00   2.5508250e+01
  -2.6558318e+01  -2.2642824e+01  -3.9154938e+00   3.5229300e+01   5.1171785e+01  -1.5942485e+01   5.0727249e+00   2.8670203e+02   2.8092619e+02   5.7758384e+00   7.0044872e-02   6.8668397e+02   4.7157443e+02             NaN             NaN   2.6201096e+01   1.8087468e+00   2.8982673e-01   2.8854534e-01   2.8633296e-01   2.8426130e-01   2.8189433e-01   2.8101257e-01   2.8163159e-01   2.8312813e-01   2.8752004e-01   2.9014011e-01   2.9044138e-01   2.8741940e-01   2.8059393e-01   1.0721125e+00   2.5508250e+01
